id=run
time.start=2024/02/29 18:12:00.818-0600
time.stop=2024/02/29 18:22:07.527-0600
time.real=00:10:06
board.2-3-1798.readout.rate=1.390 Mb/s
board.2-3-1798.0.rejections.singles=1032.82
board.2-3-1798.0.rejections.pileup=0.0
board.2-3-1798.0.rejections.saturation=0.0
board.2-3-1798.0.rejections.energy=0.0
board.2-3-1798.0.rejections.psd=0.0
board.2-3-1798.0.rejections.timedistribution=0.0
board.2-3-1798.0.throughput=1043.98
board.2-3-1798.0.icr=1042.26
board.2-3-1798.0.ocr=7.33987
board.2-3-1798.0.calibration.energy.c0=0.0
board.2-3-1798.0.calibration.energy.c1=1.0
board.2-3-1798.0.calibration.energy.c2=0.0
board.2-3-1798.0.calibration.energy.uom=keV
board.2-3-1798.1.rejections.singles=1821.94
board.2-3-1798.1.rejections.pileup=0.0
board.2-3-1798.1.rejections.saturation=1.04769
board.2-3-1798.1.rejections.energy=0.0
board.2-3-1798.1.rejections.psd=0.0
board.2-3-1798.1.rejections.timedistribution=0.0
board.2-3-1798.1.throughput=1855.79
board.2-3-1798.1.icr=1831.37
board.2-3-1798.1.ocr=7.33386
board.2-3-1798.1.calibration.energy.c0=0.0
board.2-3-1798.1.calibration.energy.c1=1.0
board.2-3-1798.1.calibration.energy.c2=0.0
board.2-3-1798.1.calibration.energy.uom=keV
